1.0	97.08906366795365	0.0	166164009734.0905
13.000000000000005	99.2242743616273	84.07695815244116	100.10020732879639
25.000000000000014	96.5215473954503	-1.9137685641984703	100.0
37.00000000000003	98.9678265053209	2.326687184190206	100.0
49.000000000000036	95.1127303998041	-1.3635391506795926	100.0
61.00000000000005	97.88065698635754	0.8102823070260214	100.0
73.00000000000006	97.14678502988087	-1.3514341016542346	100.0
85.00000000000006	98.30611054008428	-0.40108592767521856	100.0
97.00000000000007	99.21319290302742	-0.10807224949692085	100.0
109.00000000000009	100.91049800728577	0.606457700778499	100.0
121.0000000000001	96.44705799296072	-0.9907614695016633	100.0
133.00000000000009	94.11906704215122	0.5650420464177799	100.0
145.0000000000001	95.11465996824589	-1.153898245003134	100.0
157.0000000000001	103.27180581511627	1.0244713408439736	100.0
169.0000000000001	100.26324341737286	-0.07634692458392323	100.0
181.00000000000014	102.09940913586048	-0.7540646805982689	100.0
193.00000000000014	94.87529887966048	-0.3421268795190713	100.0
205.00000000000014	94.81168527985159	-0.43835781366122006	100.0
217.00000000000017	99.33264498515612	0.47282373167598735	100.0
229.00000000000017	102.12477622124601	-0.9555745111932991	100.09992122650146
241.0000000000002	97.4976350381561	-0.770970525547007	100.0
253.00000000000017	100.707367415158	1.2962998639399927	100.0
265.00000000000017	99.75073174746986	-0.18159392828152932	100.0
277.00000000000017	96.71127520813926	-0.0290160904668042	100.0
289.0000000000002	99.00098934112673	-0.30629054605921624	100.0
301.0000000000002	93.61917425312409	-0.030199198458703336	100.0
313.0000000000002	98.88450168703136	-0.39856964319152155	100.0
325.0000000000002	91.9937890271916	0.10965051371749013	100.0
337.0000000000002	89.73329263337797	-0.7900301189610985	100.0
349.0000000000002	89.864233301915	-0.6659901881976751	100.0
361.0000000000003	90.14191377363797	-1.1882890112120776	100.0
373.0000000000003	93.35926299615772	0.8608587790380255	100.0
385.0000000000003	90.349810540143	-0.784614412905853	100.0
397.0000000000003	95.256852614632	1.2863080651642136	100.0
409.0000000000003	94.83147527175625	-0.5985471433506575	100.0
421.00000000000034	93.24502283275228	-0.823531241946803	100.0
433.00000000000034	95.34133870989498	-1.0253772443624953	100.0
445.00000000000034	93.64068872496009	-1.1533035473657685	100.09996891021729
457.00000000000034	85.37134328974457	1.398583628408396	100.0
469.00000000000034	91.73449117247165	-1.041896792073885	100.0
481.0000000000004	88.14013078476353	-1.1901833899898122	100.0
493.0000000000004	86.26979025038872	-0.8205224829472044	100.0
505.00000000000034	88.97524088948882	-0.3025904748027628	100.0
517.0000000000003	82.35422708769498	-0.34553357760155023	100.0
529.0000000000003	83.31077085192373	0.21889001608251135	100.0
541.0000000000003	81.99473788693011	-2.240154771774513	100.0
553.0000000000003	89.86935098900904	0.25883531020684103	100.0
565.0000000000003	81.88309736031258	0.8725968004797053	100.0
577.0000000000005	80.64186813359412	-1.450620935651429	100.0
589.0000000000005	82.40145700661225	-1.7325852159557442	100.0
601.0000000000005	81.54680985565949	0.7569965063625688	100.0
613.0000000000005	77.36317540962514	-1.2239905009345122	100.0
625.0000000000005	84.70598772789712	1.2024335662165768	100.0
637.0000000000005	83.85810103555197	-2.3599241752410833	100.0
649.0000000000005	81.27402302254406	0.3121841763997253	100.0
661.0000000000005	78.72345701933278	-2.2218334009933116	100.0
673.0000000000005	80.87111340217467	1.9107910812979672	100.0997543334961
685.0000000000005	73.94669560589243	-1.6643132507392338	100.0
697.0000000000005	79.43552369435167	-0.9758436894651723	100.0
709.0000000000006	80.2679118494268	-1.0263030801771365	100.0
721.0000000000006	74.05962775335155	-0.20818190011485882	100.0
733.0000000000006	69.9261838175979	-0.3126720291474925	100.0
745.0000000000006	72.92078194893764	-0.6900939820502998	100.0
757.0000000000006	77.44262833703671	-1.188272770159415	100.0
769.0000000000006	74.0609623934094	0.15615483454057255	100.0
781.0000000000006	69.33223710987042	-1.428956821532907	100.0
793.0000000000006	68.71612288241448	0.21655275118396844	100.0
805.0000000000006	68.96462940116218	-1.6177356287864555	100.0
817.0000000000006	64.18699792482904	-1.1808858651522698	100.0
829.0000000000007	65.23719488085041	-0.2984116138625197	100.0
841.0000000000007	69.14449762619768	-0.4740521756744869	100.07281303405762
853.0000000000007	62.201722413718635	-1.479344861873976	100.0
865.0000000000007	60.364762175671544	0.3889504609947352	100.0
877.0000000000007	59.36343277163202	-2.89786565315093	100.0
889.0000000000007	64.4377045269268	1.4937632126073908	100.0
901.0000000000007	59.51140462192962	-1.6515834055821657	100.0
913.0000000000007	64.03603804015202	-0.8200593250294403	100.0
925.0000000000007	60.556232516045704	0.38900748377607997	100.0
937.0000000000007	55.074276537950276	-2.655338092084026	100.0
949.0000000000007	53.799802872258816	0.6949071902570196	100.0
961.0000000000008	60.70355911645728	-1.3770839351240483	100.0
973.0000000000008	58.252568608659466	-1.723946173928372	100.0
985.0000000000008	59.491734131099314	0.690498516878673	100.0
997.0000000000008	54.28680286814921	-2.050675460914693	100.0
1008.9999999999997	51.25252639058293	-1.1170765056116672	100.0
1020.9999999999984	55.67183379030351	0.28356870000770584	100.0
1032.999999999997	47.200874537865	-0.9147957105692832	100.0
1044.9999999999957	45.2339438364057	-2.089354784955084	100.0
1056.9999999999943	45.08618058256754	-1.3541351126205114	100.0
1068.9999999999932	50.59922055058536	-0.28370164202895043	100.10013580322266
1080.9999999999918	45.032702372904076	-0.2467127639234299	100.0
1092.9999999999905	44.240100333884186	-1.5460346453723453	100.01416206359863
1104.999999999989	40.30206987408022	0.25949824286074374	100.0
1116.9999999999877	45.01159879899774	-1.9362794059048696	100.0
1128.9999999999864	38.817601025294245	0.5035650735785673	100.0
1140.9999999999852	38.01744088598235	-1.967135591707283	100.0
1152.9999999999839	42.23937739171664	-0.6459255418042567	100.0
1164.9999999999825	40.15330859771106	-2.022493699756861	100.0
1176.9999999999811	42.17724068090196	-0.35931625770323805	100.0
1188.9999999999798	34.39842028543229	-0.7841217624040269	100.0
1200.9999999999786	36.28741972980262	0.08243938625389902	100.0
1212.9999999999773	33.688306140012024	-2.1531665059315444	100.0
1224.999999999976	35.61560572123927	0.3608047037535833	100.0
1236.9999999999745	33.33021073369399	-2.7755971655179685	100.0
1248.9999999999732	34.35757462478713	0.7873765162791013	100.0
1260.999999999972	32.611022651743454	-1.3719428941558824	100.0
1272.9999999999707	27.126533246215637	-2.0149497491295083	100.0
1284.9999999999693	27.74821912869378	-0.345803298467942	100.0
1296.999999999968	28.696377203952242	-0.8097866937048828	100.0
1308.9999999999666	28.1280753681751	-1.21994615199144	100.0
1320.9999999999652	21.416926341987626	0.1412354745851075	100.10061264038086
1332.999999999964	25.001058213992387	-0.7785347717181559	100.00638961791992
1344.9999999999627	25.12633914914555	-2.18347273937733	100.00784397125244
1356.9999999999613	16.588719992897623	-1.221608722997325	100.01087188720703
1368.99999999996	24.062216138584965	-0.774845552311346	100.0
1380.9999999999586	20.168317960382808	-0.44854710253444807	100.0
1392.9999999999575	18.27039366643678	-1.259715824600896	100.0
1404.9999999999561	16.522878411437883	-0.2574087611352667	100.0
1416.9999999999548	18.175448466685488	-2.3205738054034426	100.0
1428.9999999999534	15.317894295036549	-2.0946355779889787	100.0
1440.999999999952	12.514470740089745	1.781009685789158	100.0
1452.999999999951	7.367499525986106	-1.1226135454374662	100.0
1464.9999999999495	6.710834664175491	-1.6908188815622687	100.0
1476.9999999999482	12.835734085848019	-1.0806889479872437	100.0
1488.9999999999468	5.629988467837949	-0.4333361287072286	100.0
1500.9999999999454	3.2500118898380617	-0.16737536830527677	100.0
1512.999999999944	1.5520622627296232	-1.4370402949062988	100.0
1524.999999999943	6.796882792879601	-3.478344324243411	100.08151531219482
1536.9999999999416	6.738221300364854	-0.22792872831898622	100.0
1548.9999999999402	5.333674612257875	-0.04597194561383424	100.0
1560.9999999999388	4.761264137023911	-1.6388435086729605	100.0
1572.9999999999375	-1.4480380226705716	-0.3954389013687874	100.0
1584.9999999999363	-0.8779642767488203	-1.6208585852690447	100.0
1596.999999999935	2.339717849165246	0.5025440002457432	100.0
1608.9999999999336	-8.814355602506446	-0.8440377110495442	100.0
1620.9999999999322	-2.1830349164575353	-1.4974139940454416	100.0
1632.9999999999309	-1.4414279150041418	-2.0728675318241683	100.0
1644.9999999999297	-10.83774482539456	-0.6852861129622358	100.0
1656.9999999999284	-12.788471272636672	-1.423016003092068	100.0
1668.999999999927	-10.22299874025035	-1.034249235513494	100.0
1680.9999999999256	-9.684502022420084	-0.2726016253236736	100.0
1692.9999999999243	-9.309504090943026	-1.4297951306241856	100.0
1704.999999999923	-15.918773734407207	-0.3291873682386717	100.0
1716.9999999999218	-14.845234549633814	-1.1330496185149173	100.0
1728.9999999999204	-17.23928190261041	-1.9755381104091954	100.09956359863281
1740.999999999919	-17.72295191587855	0.3384463374767357	100.0
1752.9999999999177	-17.38773340094126	-0.5235258557221263	100.0
1764.9999999999163	-22.856767559774475	-1.7877403781773786	100.0
1776.9999999999152	-17.968376846112054	-0.5352495921021134	100.0
1788.9999999999138	-26.577714601079474	-1.645028313989842	100.0
1800.9999999999125	-20.506774308223275	-0.49113845769406517	100.0
1812.999999999911	-27.383625223922394	-2.073880487210527	100.0
1824.9999999999097	-27.23456993346838	0.17334785071416725	100.0
1836.9999999999086	-27.911467252142582	-1.4877404694379095	100.0
1848.9999999999072	-28.664244102917408	-1.4234356433687747	100.0
1860.9999999999059	-28.38783523617866	-0.3197619556039939	100.0
1872.9999999999045	-32.76090455173102	-1.4563517565595951	100.0
1884.9999999999031	-28.821905677412808	-1.453537247130786	100.0
1896.9999999999018	-30.122052858777824	0.7514743068467897	100.0
1908.9999999999006	-30.36994097795019	-2.1588239645885974	100.0
1920.9999999998993	-35.11857976882351	-0.4163711389483531	100.0
1932.999999999898	-33.071061589691574	0.3525596672600244	100.0
1944.9999999998965	-38.51759756899483	-2.564508718740811	100.0
1956.9999999998952	-38.77578972814125	-0.42497959454355794	100.0
1968.999999999894	-34.48773193726516	-1.6446102993047493	100.10020732879639
1980.9999999998927	-43.02721710459866	0.11208403758718433	100.0
1992.9999999998913	-40.28913358428202	-1.869842490191811	100.0
2004.9999999998902	-37.32239813902184	-0.9026577257745707	100.0
2016.9999999998888	-42.29587219977381	-1.019328913702554	100.02288818359375
2028.9999999998875	-40.14935461045676	-0.7956002304451033	100.0
2040.9999999998863	-45.066669133747425	-0.8008882536915927	100.0
2052.999999999885	-45.91920156565275	0.2020949226598603	100.0
2064.9999999998836	-45.637524165466324	-1.4599853462423305	100.0
2076.999999999882	-50.45230094871313	-1.989043972500962	100.0
2088.999999999881	-45.20581534049516	0.3161850843380343	100.0
2100.9999999998795	-50.96719036559379	-1.3060176064319151	100.0
2112.999999999878	-53.87606442880305	-0.4868338599255395	100.0
2124.9999999998768	-54.93401354549565	-1.4097910287774482	100.0
2136.999999999876	-55.26497947615786	-0.9189821792805049	100.0
2148.9999999998745	-50.197034312231835	-0.9434949020427403	100.0
2160.999999999873	-54.73336178186856	-1.0378386645299997	100.0
2172.9999999998718	-55.75284011031985	-0.008172438259769876	100.0
2184.9999999998704	-60.57023023697849	-0.517605087924025	100.0
2196.999999999869	-61.461282285557004	0.3645600157359574	100.0
2208.9999999998677	-56.085312627014765	-3.1361836202487865	100.0
2220.9999999998663	-58.75582244532748	-0.8065251917062284	100.0
2232.999999999865	-64.10430113645488	0.010289103653590814	100.0
2244.9999999998636	-60.39981421539025	-1.5458853809667101	100.10058879852295
2256.9999999998627	-63.87956490256879	-0.0922270701531751	100.0
2268.9999999998613	-62.57308477567361	-0.8179458852622048	100.0
2280.99999999986	-61.8055731395997	0.1334868145684034	100.0
2292.9999999998586	-62.01742459153862	-2.334561031416012	100.0
2304.999999999857	-66.23921559235943	-1.1669269389520878	100.0
2316.999999999856	-69.04370584925486	0.929843761634281	100.0
2328.9999999998545	-64.2414739028749	-0.5032048454254792	100.0
2340.999999999853	-73.93011302688144	-2.3529638787398355	100.0
2352.9999999998518	-71.7340602148373	-0.08731381889165135	100.0
2364.9999999998504	-73.52182912500633	-0.9288518499964269	100.0
2376.999999999849	-73.27788315031425	-1.4854129226532677	100.0
2388.999999999848	-68.4239913457692	1.000565278750365	100.0
2400.9999999998468	-70.71806963185752	-0.43195961696374496	100.0
2412.9999999998454	-72.15736843550404	-1.4311894567106833	100.0
2424.999999999844	-72.37684284874538	-1.4713036647443545	100.0
2436.9999999998427	-78.51027086875416	0.1862237507505924	100.0
2448.9999999998413	-74.26914095392658	-1.085362234083071	100.0
2460.99999999984	-80.64529358953827	-1.3537519628391124	100.0
2472.9999999998386	-76.94090750035353	0.20702221646239138	100.0
2484.999999999837	-83.3574720195065	-0.6623570165459967	100.0
2496.999999999836	-76.0757959968776	0.6104696164371717	100.0
2508.9999999998345	-81.20261228924379	-2.9387528118281168	100.0
2520.9999999998336	-81.84790612298791	1.9805632846352452	100.0
2532.999999999832	-86.85819361826799	-2.13832275494547	100.0
2544.999999999831	-83.58862449918551	-0.4521093939436227	100.0
2556.9999999998295	-81.54088720888511	-1.1265317134515982	100.0
2568.999999999828	-81.86741967616146	-0.043218648867565435	100.0
2580.9999999998267	-87.00502070664729	-0.21374040899084434	100.0
2592.9999999998254	-82.83046641938691	-1.266319507658224	100.0
2604.999999999824	-89.75063915020283	-0.22597390961000485	100.0
2616.9999999998226	-82.51019246815648	0.6247538773959391	100.0
2628.9999999998213	-90.78997359113418	-1.1785827757164498	100.0
2640.9999999998204	-90.37519103961048	-0.7494279091332388	100.0
2652.999999999819	-90.2795186395383	-1.6900263965496265	100.0
2664.9999999998176	-92.45867807734055	0.6805452479489986	100.0
2676.9999999998163	-93.89538969134779	0.18641792279404967	100.0
2688.999999999815	-86.15454165137061	-1.291251199491093	100.0
2700.9999999998136	-88.63130303067409	0.8352681133900788	100.0
2712.999999999812	-86.9851794302582	-3.0599779123184163	100.0
2724.999999999811	-90.57408646412739	1.3562318277371475	100.0
2736.9999999998095	-95.33129297355545	0.8294938451167653	100.0
2748.999999999808	-90.75830918460196	-2.4799891871809194	100.0
2760.9999999998067	-92.61720682733275	-0.8372621869522874	100.0
2772.999999999806	-88.56464010938848	0.9859185978478605	100.22344589233398
2784.9999999998045	-98.36578555569639	-0.3812252475119067	100.0
2796.999999999803	-90.44040175707177	-0.7317368169073291	100.0
2808.9999999998017	-97.24922408976063	-0.5730081140284966	100.0
2820.9999999998004	-91.67858829854237	1.049787597441103	100.0
2832.999999999799	-96.65647166159697	-1.140955587816471	100.0
2844.9999999997976	-99.45994289009992	-1.5967914993623893	100.0
2856.9999999997963	-97.51229789043286	0.2754217885807506	100.0
2868.999999999795	-94.80242629635171	0.15384416547487234	100.0
2880.9999999997935	-92.66192830358779	-1.1587376027262692	100.0
2892.999999999792	-92.98259340683953	2.9521501328719566	100.0
2904.9999999997913	-101.87982117409645	-2.7860784956448654	100.0
2916.99999999979	-95.28517775650877	0.6892035632210882	100.10068416595459
2928.9999999997885	-100.72460994315114	-0.2563475261298649	100.0
2940.999999999787	-97.19812558819925	-1.3175433178989095	100.0
2952.999999999786	-97.43892827326479	-0.49420594627014225	100.0
2964.9999999997844	-100.20235078063135	0.1544056389943549	100.0
2976.999999999783	-99.36294328019942	0.7391942780873251	100.0
2988.9999999997817	-102.8093303278154	-1.2709425954287	100.0
3000.9999999997804	-103.29586800798721	-0.22363201920159526	100.0
3012.999999999779	-97.78581988894793	1.134343081634583	100.0
3024.999999999778	-97.60852520859774	0.8939637082244758	100.0
3036.9999999997767	-104.14492261316892	-1.5325690176946745	100.09922981262207
3048.9999999997754	-104.30917641655671	-1.075343604482761	100.0
3060.999999999774	-95.84735523635862	1.0412056988480956	100.0
3072.9999999997726	-96.08103027418504	-0.39329947016278766	100.0
3084.9999999997713	-96.55185441773894	-0.56019468965507	100.0
3096.99999999977	-101.950468969212	0.9238216933115808	100.0
3108.9999999997685	-95.10287054570955	1.0359402077504072	100.0
3120.999999999767	-103.13726154155434	-0.7210994351218716	100.0
3132.999999999766	-99.77381117211806	-0.6184179836481221	100.0
3144.9999999997644	-95.10525906817001	-0.374666531658292	100.0
3156.9999999997635	-95.33728372011183	0.721553113037622	100.0
3168.999999999762	-102.93320885297899	0.6895260944978501	100.0997543334961
3180.999999999761	-100.01741319253188	-1.435707841685641	100.0
3192.9999999997594	-97.57629113171818	-0.2851347715554411	100.0
3204.999999999758	-97.82926285638162	1.1554277232545331	100.0
3216.9999999997567	-102.22306539474118	0.19907377692182848	100.0
3228.9999999997553	-100.31767681760442	-0.6754305017150344	100.0
3240.999999999754	-97.57787945666821	-0.1954278536548344	100.0
3252.9999999997526	-103.12930037561453	-0.7563344298355759	100.0
3264.9999999997513	-99.44196480055788	1.5252610645919589	100.0
3276.99999999975	-100.67897517638151	-0.5294177414595609	100.0
3288.999999999749	-99.59807270600895	0.4900092892083947	100.0
3300.9999999997476	-101.16692236540122	0.9382375868337434	100.0
3312.9999999997463	-95.12570966349317	0.41748542566054425	100.0
3324.999999999745	-101.88124261860641	-0.9179393436367818	100.0
3336.9999999997435	-96.9628419268796	-0.2896565966906266	100.0
3348.999999999742	-99.57363707957332	0.6197158342227951	100.0
3360.999999999741	-93.2371169587819	0.28904199842914835	100.0
3372.9999999997394	-101.14991700141887	0.5937646697187233	100.0
3384.999999999738	-97.83294398017003	1.269726536853831	100.0
3396.9999999997367	-100.47205668725441	-0.3173451860679748	100.09982585906982
3408.999999999736	-95.35427052038237	-1.4179200070600757	100.0
3420.9999999997344	-93.21156037188916	2.8129720696193488	100.0
3432.999999999733	-100.76100004585902	-1.3603296245165168	100.0
3444.9999999997317	-95.36943137116711	1.7492811592394375	100.0
3456.9999999997303	-95.773497129149	-1.8004895930568594	100.0
3468.999999999729	-96.39827674444577	0.9118064964624963	100.0
3480.9999999997276	-91.94502489287068	0.8744414711535882	100.0
3492.9999999997262	-97.80597451433245	-0.5748646058006202	100.0
3504.999999999725	-96.52300929631119	0.9623782749110745	100.0
3516.9999999997235	-88.2439654519695	0.27040494399845016	100.0
3528.999999999722	-95.2128627686677	0.5691004917100528	100.0
3540.9999999997212	-93.01507341610257	0.6146193668089168	100.0
3552.99999999972	-87.01039965116973	-1.0318739285007439	100.0
3564.9999999997185	-88.25132398381828	1.1062893796211242	100.0
3576.999999999717	-88.67186743739497	-0.8022865595343518	100.0
3588.999999999716	-85.68250216576793	2.5749993258004125	100.0
3600.9999999997144	-89.2781888149078	-0.7390243306331215	100.0
3612.999999999713	-89.27715594656364	1.2826603044525342	100.0
3624.9999999997117	-84.18491935260083	-0.3304754834830267	100.10008811950684
3636.9999999997103	-83.12803754500317	-0.250605510771706	100.0
3648.999999999709	-84.09970276571121	1.7380099211576336	100.0
3660.9999999997076	-84.47226498216378	1.1265811600138278	100.0
3672.9999999997067	-83.67931702448298	0.3577183460094773	100.0
3684.9999999997053	-89.75198601055625	0.5033959089776232	100.0
3696.999999999704	-83.62247521549432	0.9070526223988722	100.0
3708.9999999997026	-79.41073959683972	-0.38823515316221346	100.0
3720.9999999997012	-80.54357859751376	-1.0300529227577755	100.0
3732.9999999997	-84.02668065496299	1.8325916472396457	100.0
3744.9999999996985	-87.27647360316836	1.4781159324947524	100.0
3756.999999999697	-86.11615628708097	0.09458281249536782	100.0
3768.999999999696	-84.2814515538256	0.9750214641014949	100.0
3780.9999999996944	-84.6353896125912	-0.08179007536024585	100.0
3792.9999999996935	-75.89554855105034	-0.12189118100689456	100.0
3804.999999999692	-82.90127641614774	0.9527308788861291	100.0
3816.9999999996908	-77.67347838231724	0.6678515116393129	100.0
3828.9999999996894	-80.10582030516514	0.9435296054655637	100.0
3840.999999999688	-75.88346583639603	2.2345917153862374	100.0
3852.9999999996867	-70.85505538828063	-0.8907457232906353	100.0
3864.9999999996853	-76.17669168262226	-0.07856149685895727	100.10042190551758
3876.999999999684	-70.70710918487003	1.057859746943656	100.0
3888.9999999996826	-77.50864731318886	0.8307776599873051	100.0
3900.999999999681	-76.4869182569912	0.23235430829435444	100.0
3912.99999999968	-76.56441884316278	0.6779620974739302	100.0
3924.999999999679	-71.4170844977049	2.3387367570863447	100.0
3936.9999999996776	-65.69991389278378	-0.29684434075664967	100.0
3948.999999999676	-67.81341811438635	2.1933379441819483	100.0
3960.999999999675	-68.10694457704817	-0.9421008630679779	100.0
3972.9999999996735	-68.48522022416037	1.683361000952246	100.0
3984.999999999672	-62.20792879942282	0.6614795889880369	100.0
3996.9999999996708	-70.0855749096879	-1.0304466245834618	100.0
4008.9999999996735	-63.36828288713317	1.216041297798803	100.0
4020.9999999996776	-64.56809242529862	1.2373776560191665	100.0
4032.9999999996817	-58.05592256099688	0.7888380372100556	100.0
4044.9999999996853	-61.01742736884708	1.372504598893176	100.0
4056.9999999996894	-57.07105174386093	1.0098322254733532	100.0
4068.9999999996935	-62.44872171525773	0.014536694054779531	100.0
4080.9999999996976	-62.56901128555634	0.5187059296486289	100.0
4092.9999999997017	-59.43817621454964	2.333923292316026	100.1002550125122
4104.999999999705	-52.4168647173164	-1.0878917695476353	100.0
4116.99999999971	-53.09183496201387	1.7544667257493387	100.0
4128.9999999997135	-55.68725839418344	-1.3913145443100596	100.0
4140.999999999717	-55.292293461411056	3.052615109631965	100.0
4152.999999999722	-50.07147497950034	0.28592930222622215	100.0
4164.999999999725	-51.00831623655429	0.39109292562865505	100.0
4176.99999999973	-47.06270455818473	1.5399142483143358	100.0
4188.9999999997335	-54.58700933073669	0.5390834623265874	100.0
4200.999999999738	-47.49597370607679	0.6020943800874434	100.0
4212.999999999742	-45.56907481644509	1.0296783690865396	100.0
4224.999999999745	-48.00818067628012	1.357663724838364	100.0
4236.99999999975	-45.13862123438522	1.9761896306809668	100.0
4248.9999999997535	-45.21010041910906	0.6571471410869911	100.0
4260.999999999758	-41.9916702468465	2.0896100176595382	100.0
4272.999999999762	-46.056519548324836	-0.7698657034429814	100.0
4284.999999999765	-41.71187490648956	0.9700091316444812	100.0
4296.99999999977	-38.893754606877735	0.6645103461349571	100.0
4308.9999999997735	-42.484442943758424	0.5626424698390551	100.0
4320.999999999778	-38.03462936907432	1.586407204697678	100.10032653808594
4332.999999999782	-35.94359541601142	-0.04287038582257807	100.0
4344.999999999785	-34.55780826080943	1.8789450495384195	100.0
4356.99999999979	-37.31280766556665	-0.3401885132238789	100.0
4368.9999999997935	-31.891775208593927	1.8478624246803044	100.0
4380.999999999798	-34.86073433714811	1.5493520502368945	100.0
4392.999999999802	-31.355231813920604	1.2654696596887103	100.0
4404.999999999805	-34.58894605433383	1.4274564471982796	100.0
4416.99999999981	-29.453985951069534	-0.8135087116434256	100.0
4428.999999999814	-25.434927927306212	1.3511294847668722	100.0
4440.999999999818	-28.549586186371812	0.15865826375977754	100.0
4452.999999999822	-27.106761657275936	1.8823373183149954	100.0
4464.999999999825	-21.730235824227467	0.37018337173948446	100.0
4476.99999999983	-21.758363612264745	1.1265747975674145	100.0
4488.999999999834	-17.395479824208458	0.7685884180340263	100.0
4500.999999999838	-21.50640603726272	2.0174432976979713	100.0
4512.999999999842	-18.649906826976338	0.33660131587011044	100.0
4524.999999999845	-20.635079030367965	2.1319762246727443	100.0
4536.99999999985	-17.998450696652444	-0.3756730928592642	100.10018348693848
4548.999999999854	-16.797263131932873	0.34894367642262764	100.01158714294434
4560.999999999858	-12.220819162819595	1.239289020276257	100.01084804534912
4572.999999999862	-11.547443758250015	0.4938289317631259	100.0
4584.999999999865	-13.976158879201472	1.3750091807341338	100.0
4596.99999999987	-8.172161446489987	1.9038208893471549	100.0
4608.999999999874	-13.387578329498858	0.47674701454240864	100.0
4620.999999999878	-6.667653534360158	1.005645155604455	100.0
4632.999999999882	-11.568938291625686	1.012878799863607	100.0
4644.999999999886	-2.958904553959369	-0.027976758583310612	100.0
4656.99999999989	-9.027668150858002	2.6989092405553228	100.0
4668.999999999894	-5.524214442346867	0.7676293041856184	100.0
4680.999999999898	-7.831645638102402	0.3371899068322287	100.0767469406128
4692.999999999902	-0.8255455333059396	1.3925034413734925	100.0
4704.999999999906	0.8735487284367336	1.2540183701837315	100.0
4716.99999999991	2.7146690247755503	0.21815401265539433	100.0
4728.999999999914	-1.4221698462323622	2.0962818576204745	100.0
4740.999999999918	0.5011734674156401	-0.2698519587700264	100.0
4752.999999999922	3.14719823986351	0.6771590547831945	100.0
4764.999999999926	6.1632637254554945	2.784386736240836	100.0
4776.99999999993	3.1632469095601774	0.12990139592012406	100.0
4788.999999999934	4.253077446315382	0.8946787549664723	100.0
4800.999999999938	11.969511081188731	1.6275604308780784	100.0
4812.999999999942	9.717332679309061	-0.04907444698525394	100.0
4824.999999999946	15.036977446025187	0.06496040158619554	100.0
4836.99999999995	8.889490832312154	2.2184605039115146	100.0
4848.999999999954	15.292681909778805	1.9944277073138839	100.0
4860.999999999958	18.927827220546895	0.734660102511322	100.0
4872.999999999962	14.070390822492811	0.19030310004416418	100.0
4884.999999999966	21.511426059334312	1.6576113670545112	100.0
4896.99999999997	17.33302537124615	0.13314156170332142	100.09961128234863
4908.999999999974	20.386973073148567	1.2854517873958908	100.0
4920.999999999978	24.483706726736873	1.8877408524393982	100.0
4932.999999999982	23.61789145653562	0.7575712037375766	100.0
4944.999999999986	24.457679793231872	0.5240504568850639	100.0
4956.99999999999	26.910726309698493	2.7369386331018504	100.0
4968.9999999999945	26.901080337834742	-1.242563027521582	100.0
4980.999999999998	23.830184926493672	1.6917908837684479	100.0
4993.000000000002	28.721096179502513	1.0253414489979615	100.0
5005.000000000006	32.87454883456467	0.46923994432539473	100.0
5017.00000000001	32.40045352307383	1.817724654885554	100.0
5029.000000000015	33.00282850449018	1.0383931283697585	100.0
5041.000000000018	33.46167596883947	1.617809435002341	100.0
5053.000000000022	35.49450297344497	0.34703551421810985	100.0
5065.000000000026	30.4884613798736	0.15162481340231437	100.0
5077.00000000003	37.42061430704332	0.44712556213020704	100.0
5089.000000000035	41.36619714526491	2.0903874642382974	100.0
5101.000000000038	38.93214748253317	0.7301671805498877	100.0
5113.000000000042	43.018811897418615	0.7070799416183178	100.0
5125.000000000046	41.22145434981773	0.4924104434791232	100.0
5137.00000000005	40.04524851279333	1.0082883451214646	100.09994506835938
5149.000000000055	39.93542048783845	0.8803776045204972	100.00653266906738
5161.000000000058	47.22879658718808	2.2500851502034287	100.0
5173.000000000062	44.82762545069857	1.5477489295817435	100.0
5185.000000000066	44.31606625425763	-0.5441863715822208	100.0
5197.00000000007	46.5419379395056	0.9735389590745704	100.0
5209.000000000075	51.78729464114848	0.1597579336485353	100.0
5221.000000000078	52.742740013570234	2.927304398443365	100.0
5233.000000000082	49.22202523894536	-1.935095588006	100.0
5245.000000000086	54.99154619092256	1.362337929641388	100.0
5257.00000000009	55.43381370455274	2.290702785907442	100.0
5269.000000000095	48.0788759646337	-0.05363759087031994	100.0
5281.000000000098	50.71763849569112	-0.30535123290649935	100.0
5293.000000000102	55.000913956548146	3.135711436686183	100.0
5305.000000000106	54.93767700941568	-0.5328871332364038	100.0
5317.00000000011	55.52797451961494	0.32036516226726874	100.0
5329.000000000115	59.41164238304398	0.4303584620802461	100.0
5341.000000000118	60.27087946090208	2.4173041133099424	100.0
5353.000000000122	58.55547860182997	-0.22825761002254197	100.0
5365.000000000126	60.22806908685749	-0.05258018421453414	100.0
5377.00000000013	61.5350373966266	1.8072501391180027	100.0997543334961
5389.000000000135	59.88745244973217	1.1465738620921453	100.00736713409424
5401.000000000138	68.1133838560593	2.356907185124463	100.0
5413.000000000143	69.35196114775124	0.6849856621471062	100.0
5425.000000000146	64.67751540312916	-0.6296173518934012	100.0
5437.00000000015	61.935260122316635	1.8490707807376765	100.0
5449.000000000155	71.67504068930232	-0.34259880682481736	100.0
5461.000000000158	72.06751167638699	1.5591091086189408	100.0
5473.000000000163	73.30951693378451	-0.43609227395320715	100.0
5485.000000000166	73.11783775641412	1.272209466161165	100.0
5497.00000000017	69.34531514770397	0.22246640416415886	100.0
5509.000000000175	71.97605115908485	2.0782679720458788	100.0
5521.000000000178	74.1129761438759	-0.6447088631062954	100.0
5533.000000000183	77.95916294349334	0.6388664602992833	100.0
5545.000000000186	75.15477552431459	1.1366813057285654	100.0
5557.00000000019	77.92875238657763	-0.34942841021247517	100.0
5569.000000000195	71.10042252606173	2.7877511235055294	100.0
5581.000000000198	75.37815907108656	0.5820300798650351	100.0
5593.000000000203	79.18289048011782	0.5869881870098439	100.0
5605.0000000002065	75.4242479311723	0.6625067729543161	100.0
5617.00000000021	80.78815026058285	-1.048914874350551	100.0
5629.000000000215	74.59789768798392	2.5851713978620956	100.10011196136475
5641.000000000218	82.60320438024354	-0.08354687578194131	100.0
5653.000000000223	78.4469796291599	-0.43275055367514453	100.01053810119629
5665.0000000002265	77.17410335643724	2.5992436446105245	100.0
5677.00000000023	78.26268445205123	-0.6818587653406709	100.0
5689.000000000235	86.11593410794517	2.0617392837753457	100.0
5701.000000000238	87.1940625770989	-2.6236840752139585	100.0
5713.000000000243	85.22678755038021	3.8975239619372957	100.0
5725.0000000002465	82.52993284368722	-1.2705916806776898	100.0
5737.000000000251	88.83936136066399	1.359459305903144	100.0
5749.000000000255	85.61410432784767	0.4518907502444449	100.0
5761.000000000258	86.91497399410065	0.6493564278594093	100.0
5773.000000000263	87.54922211590866	-0.6982411724775801	100.0
5785.0000000002665	90.06799382981225	-0.5202704584608	100.0
5797.000000000271	87.82815390654703	1.085828173026023	100.0
5809.000000000275	89.76468555886211	0.8397440818280231	100.0
5821.000000000278	92.16864812897384	1.0540658832209928	100.0
5833.000000000283	92.82354966832587	-1.545683511261771	100.0
5845.0000000002865	91.39765839566398	1.652250688603722	100.0
5857.000000000291	88.4959068005242	1.2327243730993516	100.0
5869.000000000295	96.00486817872911	-1.1900015492875369	100.0
5881.000000000298	96.25300300940182	0.20098553341316688	100.10063648223877
5893.000000000303	87.52196302336759	1.1388299705624405	100.0
5905.0000000003065	96.5213636792627	-0.13779978914824653	100.0
5917.000000000311	93.14470563330072	1.5106353772576426	100.0
5929.000000000315	92.80641271811565	-0.9763120588152674	100.0
5941.000000000318	90.010772777125	0.9208986352673421	100.0
5953.000000000323	90.01549443934508	0.8187424933070488	100.0
5965.0000000003265	90.3741363662427	0.8453456206278318	100.0
5977.000000000331	94.07738911225785	-0.15125372454973984	100.0
5989.000000000335	97.20338771097445	0.6180382572851499	100.0
6001.000000000338	93.48234786148373	0.887964756544136	100.0
6013.000000000343	97.16790027391632	-0.17023206554396353	100.0
6025.0000000003465	97.1778708512079	0.5140135151897098	100.0
6037.000000000351	99.18508870922899	0.7205375827005227	100.0
6049.000000000355	93.43044634606149	-0.6309309048482135	100.0
6061.000000000358	96.07225297016964	-1.252684122189514	100.0
6073.000000000363	101.52052299643992	1.3263228606045772	100.0
6085.0000000003665	96.1341633914996	-0.8732224525226613	100.0
6097.000000000371	98.80123573483657	1.5814119457947342	100.0
6109.000000000375	102.8829946671705	-0.6004253343255358	100.10051727294922
6121.000000000378	101.09510467589138	0.8000726351356917	100.0
6133.000000000383	99.23627809969184	-0.05089571485204658	100.0
6145.0000000003865	97.06157036022731	0.6104744579137389	100.0
6157.000000000391	97.70603218651473	-0.00453859295028991	100.0
6169.000000000395	94.73134243395357	0.760653994027038	100.0
6181.000000000399	102.63498750623216	-1.3469047918786288	100.0
6193.000000000403	103.86873341754116	-0.16209099509984526	100.0
6205.0000000004065	95.92515280208141	2.2894554590756258	100.0
6217.000000000411	98.06181459104982	-0.4188236969531616	100.0
6229.000000000415	99.69883671594512	-2.5189319890909374	100.0
6241.000000000419	98.46502543289952	2.6233320334307138	100.0
6253.000000000423	97.05864290156556	-1.445293680957434	100.0
6265.000000000427	98.76796741711696	1.3250513581371095	100.0
6277.000000000431	98.82284907204374	-0.4388453440758795	100.0
6289.000000000435	99.26805769972073	-1.072818472586448	100.0
6301.000000000439	96.88781980577781	1.2363039322092604	100.0
6313.000000000443	96.64785754710836	0.20609193149511967	100.10030269622803
6325.000000000447	101.30167421174666	-0.6369850182166985	100.0
6337.000000000451	100.3084178481475	0.34861335324572684	100.0126838684082
6349.000000000455	102.78170152179389	-1.661421527965798	100.00886917114258
6361.000000000459	101.22155562730825	0.5687015276749179	100.0
6373.000000000463	103.72957264352196	1.4716516420724801	100.0
6385.000000000467	104.38253340378755	-1.0344672284585315	100.0
6397.000000000471	99.12439520151435	0.8411675522913598	100.0
6409.000000000475	94.98265042423425	-0.2806711979147991	100.0
6421.000000000479	100.60887234151497	-1.0504336610727876	100.0
6433.000000000483	95.18378907940442	0.42587431410669296	100.0
6445.000000000487	103.07642738723023	-0.9430181244257696	100.0
6457.000000000491	100.23769498091393	-0.4280226889632033	100.0
6469.000000000495	102.0321265151563	-0.43560670145874525	100.0
6481.000000000499	102.33663783158977	0.2405261133355907	100.0
6493.000000000503	101.49290571013172	-0.6950711583581821	100.0
6505.0000000005075	98.83429398785889	1.3612323212147217	100.0
6517.000000000511	98.69702801004378	-0.8541999104498643	100.0
6529.000000000515	99.10969112785865	0.6717614487870733	100.0
6541.000000000519	95.91577281424182	-1.0782715289025475	100.0
6553.000000000523	99.05755728081004	0.9502817446102201	100.09403228759766
6565.0000000005275	95.45703664764802	-2.5352746182350643	100.0
6577.000000000531	98.01200939267909	1.6473246441391751	100.0
6589.000000000535	97.8728846738317	-1.1630081813374673	100.0
6601.000000000539	94.89021531578474	0.72273700108844	100.0
6613.000000000543	90.93272263086291	0.7121040674509018	100.0
6625.0000000005475	93.25776011302919	-2.871181185869517	100.0
6637.000000000551	96.55125046236422	0.809633045005441	100.0
6649.000000000555	94.8908958003747	-0.5435014856098519	100.0
6661.000000000559	92.21148289361643	0.6934083593744518	100.0
6673.000000000563	91.8941700973777	-1.3543257338008345	100.0
6685.0000000005675	90.46323435355177	-0.6249865847664609	100.0
6697.000000000571	92.20411831979665	-1.308899326677036	100.0
6709.000000000575	94.92330971578139	0.2301407688889406	100.10035037994385
6721.000000000579	90.80976999632425	-1.33879180408708	100.0
6733.000000000583	85.82294849444924	1.223761408111102	100.0
6745.0000000005875	88.5563983234985	-2.0900784604653637	100.0
6757.000000000591	92.77034225500294	-0.37401466972760744	100.0
6769.000000000595	90.74932888766945	0.18301259734575126	100.0
6781.000000000599	82.92700810632381	-0.8899145919497329	100.0
6793.000000000603	88.78112287517847	0.5619019638681877	100.0
6805.0000000006075	85.6976032560568	-1.4699623415181762	100.0
6817.000000000611	87.70867150525581	0.2384673802623638	100.0
6829.000000000615	86.8640058088977	-1.187625262514274	100.0
6841.000000000619	84.13466960248631	0.8140169498598482	100.0
6853.000000000623	87.84204354360459	-2.028300420666028	100.0
6865.000000000628	87.80517218815086	-0.0723354431199894	100.0
6877.000000000631	80.39666692275682	0.601795967659946	100.0
6889.000000000635	79.60714781413478	-1.1063550824663437	100.0
6901.000000000639	85.63940534078606	-0.5023988361094993	100.0
6913.000000000643	84.76239564492026	-2.4573650654247814	100.0
6925.000000000648	79.77240995432058	1.632594135120696	100.09989738464355
6937.000000000651	77.56730409923958	-0.01328060003505982	100.0
6949.000000000656	83.28442434918057	-2.079765184509853	100.0
6961.000000000659	77.90388094134532	0.028511721245678245	100.0
6973.000000000663	72.46959177052429	0.15494543828589258	100.0
6985.000000000668	76.88925907884884	-2.334475916502676	100.0
6997.000000000671	75.43953964493844	0.2345793073690956	100.0
7009.000000000676	72.90018744178464	-0.7775608372630103	100.0
7021.000000000679	69.0456652769915	-2.080826874604064	100.0
7033.000000000683	74.11284382603114	2.1102115259090866	100.0
7045.000000000688	70.80487357897654	-1.2935581150726918	100.0
7057.000000000691	71.07089689868118	-1.2357848641284903	100.0
7069.000000000696	65.68356380973371	-0.46882475576542504	100.0
7081.000000000699	72.4445371605311	-1.9669870844363189	100.0
7093.000000000703	69.63411590360157	-0.27378412354681814	100.0
7105.000000000708	71.84162599642112	-0.6799973901796363	100.0
7117.000000000711	67.22574935946443	0.8949778688577629	100.09987354278564
7129.000000000716	67.222412268283	-2.3553831662278597	100.0
7141.000000000719	62.2051075666175	-1.1292591331236181	100.0
7153.000000000723	67.81630108162422	-2.018917031066728	100.0
7165.000000000728	60.432718638785175	0.29692313427484507	100.0
7177.000000000731	67.0717871054547	-1.32716575585534	100.0
7189.000000000736	62.28529672437757	0.019250079852589863	100.0
7201.000000000739	58.801597833548065	0.015396346702985397	100.0
7213.000000000743	62.5953829055095	-0.7968597647865394	100.0
7225.000000000748	54.551582954520505	-1.9725333849455597	100.10035037994385
7237.000000000751	55.81979687464319	-1.181156799602416	100.0
7249.000000000756	60.2588071785184	0.25457613781931343	100.0
7261.000000000759	54.600930241363955	0.46875614956076106	100.0
7273.000000000764	55.007528107514055	-1.3198123808641462	100.0
7285.000000000768	51.852337718718225	-1.0941409024137023	100.0
7297.000000000771	53.15470643187221	-0.9403689220669307	100.0
7309.000000000776	47.900027370826905	-0.8947954878470199	100.0
7321.000000000779	53.99574657700938	-2.651880661222407	100.0
7333.000000000784	46.03782088709424	-0.3792952858091425	100.0
7345.000000000788	51.2264329349467	0.6607828003705727	100.0
7357.000000000791	51.62735779872923	-1.8655818676347344	100.0
7369.000000000796	44.51982923865386	-0.19132166150684426	100.0
7381.000000000799	47.43433874025886	-2.1528422078289537	100.0
7393.000000000804	42.853171637017404	-0.41796321281893256	100.0
7405.000000000808	40.12741214242805	0.13931913948094493	100.09942054748535
7417.000000000811	42.96506227978622	-1.5774517069203604	100.0
7429.000000000816	45.96686141391705	-1.4467157647210271	100.0
7441.000000000819	43.04017494951664	-0.3634837062388989	100.0
7453.000000000824	41.30683152155975	-0.8308924128502646	100.0
7465.000000000828	42.408072357029084	0.043555522518499146	100.0
7477.000000000831	37.58370037858152	-2.0175194723394654	100.0
7489.000000000836	30.958976649141057	-1.7970729192070003	100.0
7501.0000000008395	39.11315397630519	1.1836998773353997	100.0
7513.000000000844	30.187147912292275	-2.683274889182691	100.0
7525.000000000848	34.262904919048026	-0.04653483741870801	100.0
7537.000000000851	33.012639969480865	-2.3401245729221287	100.0
7549.000000000856	29.02281595027183	-0.3948921060593603	100.10035037994385
7561.0000000008595	33.39485094657344	0.19672174718443358	100.0
7573.000000000864	25.441584133943973	-1.4141200378551542	100.0
7585.000000000868	22.99968972100674	-1.7773593094247815	100.0
7597.000000000871	23.902568139057774	-0.01052458554416802	100.0
7609.000000000876	22.306498732753457	-1.283781204323052	100.0
7621.0000000008795	21.400383877102556	-0.7322895350355427	100.0
7633.000000000884	23.178736816700088	-0.7022375541478958	100.0
7645.000000000888	18.58696899313615	0.18823434261067717	100.0
7657.000000000891	21.172021343929465	-1.2245217692300163	100.11036396026611
7669.000000000896	20.52614239996868	-1.8744235214588119	100.01444816589355
7681.0000000008995	22.06613392756997	-0.9472288040783372	100.0
7693.000000000904	12.693667491046831	-0.19024462493007377	100.0
7705.000000000908	11.34873312652791	-3.1045925699924517	100.0
7717.000000000912	11.93495265635316	-0.3976382861040282	100.0
7729.000000000916	10.967370821659559	1.3833294511671026	100.0
7741.0000000009195	9.71208240987993	-3.382474491841651	100.0
7753.000000000924	5.512740517878868	-1.8917015787848783	100.0
7765.000000000928	8.65487342879277	-0.0024845171900338414	100.0
7777.000000000932	8.5095096813036	-0.5818646560094294	100.0
7789.000000000936	4.515313481944202	-0.638475914161967	100.0
7801.0000000009395	9.956184751392758	-1.955841034447517	100.0
7813.000000000944	4.903029164487677	-0.5010329234775684	100.0
7825.000000000948	6.48265949502717	-2.516756052285943	100.0
7837.000000000952	-0.5296258052941316	-0.10774184340823974	100.10015964508057
7849.000000000956	-1.4909270853975714	-0.6060636177068164	100.0
7861.0000000009595	3.4196326971718864	-1.2040754456410476	100.0
7873.000000000964	-2.6928545436687346	-0.6197397334472441	100.0
7885.000000000968	-5.0618274093880835	-0.894016187515772	100.0
7897.000000000972	0.6325328753056159	-0.5751817167544251	100.0
7909.000000000976	-4.550820968485343	0.10409663531779012	100.0
7921.0000000009795	-2.0612912960206	-2.9475696181718627	100.0
7933.000000000984	-6.825412442771876	-0.7572980978136319	100.0
7945.000000000988	-6.204225288126061	-0.2766957125013718	100.0
7957.000000000992	-6.035713606968728	-2.770828701627862	100.0
7969.000000000996	-9.080214296703126	0.5690064791107163	100.0
7981.0000000009995	-14.348538706502474	-2.08779891897996	100.0
7993.000000001004	-18.466233763837693	-1.6068414991779079	100.0
8005.000000001002	-15.342876950789814	0.5198994699459858	100.0
8017.000000000996	-19.090962619502825	-0.813347610590597	100.0
8029.0000000009895	-20.118349846470533	-1.6515006760491004	100.10051727294922
8041.000000000982	-13.748468961662049	-0.307456309931359	100.0
8053.000000000976	-19.861245861467502	-2.574969562281039	100.0
8065.0000000009695	-16.05895817522432	-0.41370052671928015	100.0
8077.000000000963	-20.908954225717153	-0.04772092851853493	100.0
8089.000000000956	-18.833662612858983	-1.977862836824663	100.0
8101.0000000009495	-28.649508550282363	-0.3045412295692014	100.0
8113.000000000943	-23.629878876024648	-1.2918567386392397	100.0
8125.000000000936	-30.170599189634707	-0.41049080348186173	100.0
8137.0000000009295	-25.448465495735103	-1.0088430952406569	100.0
8149.000000000923	-31.00816167404537	-1.1033822518931196	100.0
8161.000000000916	-33.42537666218508	-0.7130814182810212	100.0
8173.0000000009095	-32.685431861567494	-0.3098341998667422	100.0
8185.000000000903	-37.22638071388457	-2.275332764562983	100.09982585906982
8197.000000000897	-32.37417933434845	-1.175420131509103	100.0
8209.00000000089	-38.93216858758427	-2.2887563961102018	100.0
8221.000000000882	-33.39449161162981	1.5979756063306603	100.0
8233.000000000877	-34.99915271042492	-2.472670081113101	100.0
8245.00000000087	-35.74433366528954	-0.357511397723151	100.0
8257.000000000862	-35.820813469583825	-1.5496357554081435	100.0
8269.000000000857	-40.21780574758163	0.1696393102100302	100.0
8281.00000000085	-44.54230676273758	-1.0375825346809862	100.0
8293.000000000842	-47.16654855987675	-1.0129267911856665	100.0
8305.000000000837	-41.78299568404784	-0.5040655306944757	100.0
8317.00000000083	-42.26641645437099	-0.6061947829722705	100.0
8329.000000000822	-43.34033887198872	-2.2938181879875934	100.0
8341.000000000817	-49.155710594288024	-0.3215162757304597	100.0
8353.00000000081	-43.64714580247503	-1.8554009412246977	100.0
8365.000000000804	-52.54542387553575	-0.3348478980142353	100.0
8377.000000000797	-46.364767734779534	0.32778288486739626	100.0
8389.00000000079	-52.906945187331814	-1.3250671797759388	100.0
8401.000000000784	-55.19074885855769	-1.2116507893912818	100.0
8413.000000000777	-54.711349364889	0.6049088966974916	100.10006427764893
8425.00000000077	-58.210366190570184	-0.024388236570274557	100.0
8437.000000000764	-58.248675702499845	-3.450636530674071	100.0
8449.000000000757	-53.86731050093965	-0.02645777022845408	100.0
8461.00000000075	-58.54364187366899	-2.35974271300098	100.0
8473.000000000744	-59.10040903476236	1.2800895027501298	100.0
8485.000000000737	-60.72830112578041	-1.676431838627881	100.0
8497.00000000073	-63.081584001550006	-1.262241625643206	100.0
8509.000000000724	-57.0468361621827	-0.4759858146993601	100.0
8521.000000000717	-63.125787087628055	-0.4850608620690444	100.0
8533.00000000071	-59.66738296215121	0.03653333510442991	100.0
8545.000000000704	-66.544579205502	-1.4808448142717872	100.0
8557.000000000697	-63.79708077330657	-0.37772062859250255	100.0
8569.00000000069	-66.77989988165562	-1.6111490825088275	100.0
8581.000000000684	-69.51527685606429	-1.584822860848341	100.0
8593.000000000677	-64.62043162693386	0.7455818995323611	100.0
8605.00000000067	-70.25292438908855	-1.322279640574834	100.0
8617.000000000664	-68.08467315415007	-1.2418426593685865	100.0
8629.000000000657	-68.98191644119383	1.3919177643093832	100.0
8641.00000000065	-72.12773182977938	-2.3711210624196326	100.0
8653.000000000644	-70.01236001739576	-0.07210425425528605	100.10581016540527
8665.000000000637	-77.3642466758091	-2.2185455698886685	100.0
8677.00000000063	-72.63899874576543	1.0078224248303869	100.0
8689.000000000624	-76.47986121157528	-1.8235051641707045	100.0
8701.000000000617	-71.84959682121021	0.16772063095517353	100.0
8713.00000000061	-72.09418817600061	0.82069865784851	100.0
8725.000000000604	-73.09294681367851	-2.53750883815497	100.0
8737.000000000597	-73.17959734872255	-0.23610285678211795	100.0
8749.000000000591	-79.24895210109102	-0.6473712093627526	100.0
8761.000000000584	-80.91166603848995	-0.5196775848403377	100.0
8773.000000000577	-79.0035026794237	-1.2487066635865034	100.0
8785.000000000571	-81.29091216918269	-0.3321161359118321	100.0
8797.000000000564	-79.09997611298863	-0.9170577300494855	100.0
8809.000000000557	-82.54076197362114	0.5109119710238019	100.0
8821.000000000551	-77.98516844336226	-0.49882648547852426	100.0
8833.000000000544	-81.21514851594071	-2.1037441368862915	100.0
8845.000000000537	-84.59921885342837	-0.5845080269217249	100.0
8857.000000000531	-80.64939826110728	1.2812579427101483	100.0
8869.000000000524	-80.84455580898522	-1.293603781398456	100.09942054748535
8881.000000000517	-81.38265544095168	-1.12985694718693	100.0
8893.000000000511	-81.93702029006084	-0.16785352989832347	100.0
8905.000000000504	-91.55011097470872	-0.8812994322984409	100.0
8917.000000000497	-83.32336873535091	-0.2614240622903594	100.0
8929.000000000491	-90.52851506073516	-0.6496764368718289	100.0
8941.000000000484	-84.83539658035392	0.7907711275435503	100.0
8953.000000000477	-84.32770740416808	-0.7957757286144869	100.0
8965.000000000471	-87.74425777180488	-1.844352557861285	100.0
8977.000000000464	-90.08829889516632	-0.4574234295637041	100.0
8989.000000000457	-85.73879842778467	0.680336950901534	100.0
9001.000000000451	-86.81040476087495	-0.9040668227283604	100.0
9013.000000000444	-94.18111686335106	-1.08680434563545	100.0
9025.000000000437	-91.02739659864439	0.35305952074949687	100.0
9037.000000000431	-92.75814268435896	-0.35939397829560704	100.0
9049.000000000424	-94.72484818668127	-1.7807700870814216	100.0
9061.000000000417	-94.01562006156118	0.6730314139912679	100.0
9073.000000000411	-93.95683689215822	0.4555159421815418	100.0
9085.000000000404	-90.91150323954773	-2.574396964490255	100.0
9097.000000000397	-92.08382805666072	1.8647355587407493	100.10037422180176
9109.000000000391	-99.46269431735887	-0.831847430646292	100.01399517059326
9121.000000000384	-97.71125092156319	-0.690436006279846	100.0
9133.000000000378	-96.01314811763622	0.6951328213749619	100.0
9145.000000000371	-95.77053982163392	-1.3247529645847393	100.0
9157.000000000364	-101.07844921019483	-0.00141068480176898	100.0
9169.000000000358	-101.06443963005304	0.06574067179398213	100.0
9181.000000000351	-92.16249798431316	-0.5792033101392775	100.0
9193.000000000344	-99.47804422262763	0.4452706428874649	100.0
9205.000000000338	-99.00231029074386	0.17041295123473787	100.0
9217.000000000331	-97.41747622371705	-0.6023659409499871	100.0
9229.000000000324	-101.87636751984027	-1.5562652013581015	100.0
9241.000000000318	-96.87921105938119	0.8576431813466598	100.0
9253.000000000311	-98.05310479603177	-0.4144909786160853	100.09996891021729
9265.000000000304	-95.85801189965828	0.5330529458720814	100.01513957977295
9277.000000000298	-103.01258224520045	-2.584851905321173	100.0
9289.000000000291	-99.7017460576486	1.2442400387406707	100.0
9301.000000000284	-99.40718148692122	0.5581196158092041	100.0
9313.000000000278	-95.48395037511412	-0.2280803548457726	100.0
9325.000000000271	-103.33005702420071	0.5782602354994708	100.0
9337.000000000264	-97.35279116075418	-0.8978742357049043	100.0
9349.000000000258	-99.25912895360376	-0.887681004053043	100.0
9361.000000000251	-101.2549605436091	0.7449305164530742	100.0
9373.000000000244	-102.91141247386753	-0.4661759150258433	100.0
9385.000000000238	-99.82143991232856	0.36579852488351927	100.0849962234497
9397.000000000231	-100.90034106649506	-1.3141147010476644	100.0
9409.000000000224	-97.43816635040996	0.45052673083636563	100.0
9421.000000000218	-104.46812390584053	1.1598299153763634	100.0
9433.000000000211	-101.62425831923612	-1.238372727040776	100.0
9445.000000000204	-96.63844147716918	0.535025626927073	100.0
9457.000000000198	-103.78596079151302	0.522503482734237	100.0
9469.000000000191	-104.23104222254202	1.0278790415170178	100.0
9481.000000000184	-95.52864821013249	-1.6716365943602796	100.0
9493.000000000178	-99.22277167691848	0.4905671057692871	100.0
9505.000000000171	-102.6258178075142	0.023755735241799414	100.0
9517.000000000166	-97.69676250880214	-0.25313405061643124	100.0
9529.000000000158	-99.04648496028187	0.7749776529861307	100.0
9541.000000000151	-99.22393199376776	-0.37023987462499974	100.0
9553.000000000146	-98.8937615181111	-2.1172015693164568	100.0
9565.000000000138	-97.48549004383091	1.4846546628060366	100.0
9577.000000000131	-97.42949367102263	1.3676267710498422	100.0
9589.000000000126	-99.6133167568001	0.992652466060602	100.10037422180176
9601.000000000118	-98.05563212176686	-1.0734205838625286	100.0
9613.000000000111	-95.59683740627176	0.2609652590901941	100.01039505004883
9625.000000000106	-93.32337194696758	1.420430338378309	100.00967979431152
9637.000000000098	-102.22181602116564	-1.9535121024402926	100.0
9649.000000000091	-101.58679372967566	1.0023333064875217	100.0
9661.000000000085	-98.57438912143128	-1.3754422118672167	100.0
9673.000000000078	-96.60228579622154	2.671289374431069	100.0
9685.000000000071	-100.20071755821175	-2.154858459448512	100.0
9697.000000000065	-98.38624870021236	3.540439327180529	100.0
9709.000000000058	-98.9985907331759	-1.610282937304902	100.0
9721.000000000051	-99.79115298921894	0.22613847660606723	100.0
9733.000000000045	-99.15731749908997	-0.26558269691133773	100.0
9745.000000000038	-94.94955531477366	0.7519857661869693	100.0
9757.000000000031	-92.01276285051894	0.46412549086782917	100.0
9769.000000000025	-94.52327337412213	0.5135183022074301	100.0
9781.000000000018	-97.27822805486194	2.031654194164446	100.0
9793.000000000011	-92.875847142021	-1.759546344118193	100.07987022399902
9805.000000000005	-96.81285653454347	-0.12103605939535811	100.0
9816.999999999998	-92.08327018079295	1.0649563993088194	100.0
9828.99999999999	-90.67178611933902	0.10214643528068024	100.0
9840.999999999985	-87.5422284941603	1.0520937080827082	100.0
9852.999999999978	-94.84364593282196	0.3153285523765845	100.0
9864.99999999997	-90.55867537466004	-0.2706932683933658	100.0
9876.999999999965	-87.47515425862659	0.8623156910607079	100.0
9888.999999999958	-93.52825618603939	0.4957324527521365	100.0
9900.999999999953	-84.60357905358092	0.6434257623075439	100.0
9912.999999999945	-91.52210230484066	1.5249902670619235	100.0
9924.999999999938	-89.03039067548109	-0.7026937542041267	100.0
9936.999999999933	-86.48612605447133	0.09023537117015934	100.0
9948.999999999925	-84.46688017357368	1.3978355168169827	100.0
9960.999999999918	-81.91825164517826	-0.928080419920164	100.0
9972.999999999913	-83.64632083179515	1.031481225993818	100.11065006256104
9984.999999999905	-83.54620723517414	1.1719126030300515	100.0
9996.999999999898	-83.08382006631822	0.0405368612485546	100.0
